#  E (eV)   dos(E)     Int dos(E) EFermi =    9.510 eV
 -65.000  0.3234E-05  0.3234E-06
 -64.900  0.3322E-02  0.3325E-03
 -64.800  0.4633E+00  0.4666E-01
 -64.700  0.8771E+01  0.9237E+00
 -64.600  0.2253E+02  0.3177E+01
 -64.500  0.7858E+01  0.3963E+01
 -64.400  0.3718E+00  0.4000E+01
 -64.300  0.2387E-02  0.4000E+01
 -64.200  0.2078E-05  0.4000E+01
 -64.100  0.2455E-09  0.4000E+01
 -64.000  0.3933E-14  0.4000E+01
 -63.900  0.8545E-20  0.4000E+01
 -63.800  0.2517E-26  0.4000E+01
 -63.700  0.1005E-33  0.4000E+01
 -63.600  0.5444E-42  0.4000E+01
 -63.500  0.3996E-51  0.4000E+01
 -63.400  0.3975E-61  0.4000E+01
 -63.300  0.5359E-72  0.4000E+01
 -63.200  0.1666E-83  0.4000E+01
 -63.100  0.7183E-84  0.4000E+01
 -63.000  0.7183E-84  0.4000E+01
 -62.900  0.7183E-84  0.4000E+01
 -62.800  0.7183E-84  0.4000E+01
 -62.700  0.7183E-84  0.4000E+01
 -62.600  0.7183E-84  0.4000E+01
 -62.500  0.7183E-84  0.4000E+01
 -62.400  0.7183E-84  0.4000E+01
 -62.300  0.7183E-84  0.4000E+01
 -62.200  0.7183E-84  0.4000E+01
 -62.100  0.7183E-84  0.4000E+01
 -62.000  0.7183E-84  0.4000E+01
 -61.900  0.7183E-84  0.4000E+01
 -61.800  0.7183E-84  0.4000E+01
 -61.700  0.7183E-84  0.4000E+01
 -61.600  0.7183E-84  0.4000E+01
 -61.500  0.7183E-84  0.4000E+01
 -61.400  0.7183E-84  0.4000E+01
 -61.300  0.7183E-84  0.4000E+01
 -61.200  0.7183E-84  0.4000E+01
 -61.100  0.7183E-84  0.4000E+01
 -61.000  0.7183E-84  0.4000E+01
 -60.900  0.7183E-84  0.4000E+01
 -60.800  0.7183E-84  0.4000E+01
 -60.700  0.7183E-84  0.4000E+01
 -60.600  0.7183E-84  0.4000E+01
 -60.500  0.7183E-84  0.4000E+01
 -60.400  0.7183E-84  0.4000E+01
 -60.300  0.7183E-84  0.4000E+01
 -60.200  0.7183E-84  0.4000E+01
 -60.100  0.7183E-84  0.4000E+01
 -60.000  0.7183E-84  0.4000E+01
 -59.900  0.7183E-84  0.4000E+01
 -59.800  0.7183E-84  0.4000E+01
 -59.700  0.7183E-84  0.4000E+01
 -59.600  0.7183E-84  0.4000E+01
 -59.500  0.7183E-84  0.4000E+01
 -59.400  0.7183E-84  0.4000E+01
 -59.300  0.7183E-84  0.4000E+01
 -59.200  0.7183E-84  0.4000E+01
 -59.100  0.7183E-84  0.4000E+01
 -59.000  0.7183E-84  0.4000E+01
 -58.900  0.7183E-84  0.4000E+01
 -58.800  0.7183E-84  0.4000E+01
 -58.700  0.7183E-84  0.4000E+01
 -58.600  0.7183E-84  0.4000E+01
 -58.500  0.7183E-84  0.4000E+01
 -58.400  0.7183E-84  0.4000E+01
 -58.300  0.7183E-84  0.4000E+01
 -58.200  0.7183E-84  0.4000E+01
 -58.100  0.7183E-84  0.4000E+01
 -58.000  0.7183E-84  0.4000E+01
 -57.900  0.7183E-84  0.4000E+01
 -57.800  0.7183E-84  0.4000E+01
 -57.700  0.7183E-84  0.4000E+01
 -57.600  0.7183E-84  0.4000E+01
 -57.500  0.7183E-84  0.4000E+01
 -57.400  0.7183E-84  0.4000E+01
 -57.300  0.7183E-84  0.4000E+01
 -57.200  0.7183E-84  0.4000E+01
 -57.100  0.7183E-84  0.4000E+01
 -57.000  0.7183E-84  0.4000E+01
 -56.900  0.7183E-84  0.4000E+01
 -56.800  0.7183E-84  0.4000E+01
 -56.700  0.7183E-84  0.4000E+01
 -56.600  0.7183E-84  0.4000E+01
 -56.500  0.7183E-84  0.4000E+01
 -56.400  0.7183E-84  0.4000E+01
 -56.300  0.7183E-84  0.4000E+01
 -56.200  0.7183E-84  0.4000E+01
 -56.100  0.7183E-84  0.4000E+01
 -56.000  0.7183E-84  0.4000E+01
 -55.900  0.7183E-84  0.4000E+01
 -55.800  0.7183E-84  0.4000E+01
 -55.700  0.7183E-84  0.4000E+01
 -55.600  0.7183E-84  0.4000E+01
 -55.500  0.7183E-84  0.4000E+01
 -55.400  0.7183E-84  0.4000E+01
 -55.300  0.7183E-84  0.4000E+01
 -55.200  0.7183E-84  0.4000E+01
 -55.100  0.7183E-84  0.4000E+01
 -55.000  0.7183E-84  0.4000E+01
 -54.900  0.7183E-84  0.4000E+01
 -54.800  0.7183E-84  0.4000E+01
 -54.700  0.7183E-84  0.4000E+01
 -54.600  0.7183E-84  0.4000E+01
 -54.500  0.7183E-84  0.4000E+01
 -54.400  0.7183E-84  0.4000E+01
 -54.300  0.7183E-84  0.4000E+01
 -54.200  0.7183E-84  0.4000E+01
 -54.100  0.7183E-84  0.4000E+01
 -54.000  0.7183E-84  0.4000E+01
 -53.900  0.7183E-84  0.4000E+01
 -53.800  0.7183E-84  0.4000E+01
 -53.700  0.7183E-84  0.4000E+01
 -53.600  0.7183E-84  0.4000E+01
 -53.500  0.7183E-84  0.4000E+01
 -53.400  0.7183E-84  0.4000E+01
 -53.300  0.7183E-84  0.4000E+01
 -53.200  0.7183E-84  0.4000E+01
 -53.100  0.7183E-84  0.4000E+01
 -53.000  0.7183E-84  0.4000E+01
 -52.900  0.7183E-84  0.4000E+01
 -52.800  0.7183E-84  0.4000E+01
 -52.700  0.7183E-84  0.4000E+01
 -52.600  0.7183E-84  0.4000E+01
 -52.500  0.7183E-84  0.4000E+01
 -52.400  0.7183E-84  0.4000E+01
 -52.300  0.7183E-84  0.4000E+01
 -52.200  0.7183E-84  0.4000E+01
 -52.100  0.7183E-84  0.4000E+01
 -52.000  0.7183E-84  0.4000E+01
 -51.900  0.7183E-84  0.4000E+01
 -51.800  0.7183E-84  0.4000E+01
 -51.700  0.7183E-84  0.4000E+01
 -51.600  0.7183E-84  0.4000E+01
 -51.500  0.7183E-84  0.4000E+01
 -51.400  0.7183E-84  0.4000E+01
 -51.300  0.7183E-84  0.4000E+01
 -51.200  0.7183E-84  0.4000E+01
 -51.100  0.7183E-84  0.4000E+01
 -51.000  0.7183E-84  0.4000E+01
 -50.900  0.7183E-84  0.4000E+01
 -50.800  0.7183E-84  0.4000E+01
 -50.700  0.7183E-84  0.4000E+01
 -50.600  0.7183E-84  0.4000E+01
 -50.500  0.7183E-84  0.4000E+01
 -50.400  0.7183E-84  0.4000E+01
 -50.300  0.7183E-84  0.4000E+01
 -50.200  0.7183E-84  0.4000E+01
 -50.100  0.7183E-84  0.4000E+01
 -50.000  0.7183E-84  0.4000E+01
 -49.900  0.7183E-84  0.4000E+01
 -49.800  0.7183E-84  0.4000E+01
 -49.700  0.7183E-84  0.4000E+01
 -49.600  0.7183E-84  0.4000E+01
 -49.500  0.7183E-84  0.4000E+01
 -49.400  0.7183E-84  0.4000E+01
 -49.300  0.7183E-84  0.4000E+01
 -49.200  0.7183E-84  0.4000E+01
 -49.100  0.7183E-84  0.4000E+01
 -49.000  0.7183E-84  0.4000E+01
 -48.900  0.7183E-84  0.4000E+01
 -48.800  0.7183E-84  0.4000E+01
 -48.700  0.7183E-84  0.4000E+01
 -48.600  0.7183E-84  0.4000E+01
 -48.500  0.7183E-84  0.4000E+01
 -48.400  0.7183E-84  0.4000E+01
 -48.300  0.7183E-84  0.4000E+01
 -48.200  0.7183E-84  0.4000E+01
 -48.100  0.7183E-84  0.4000E+01
 -48.000  0.7183E-84  0.4000E+01
 -47.900  0.7183E-84  0.4000E+01
 -47.800  0.7183E-84  0.4000E+01
 -47.700  0.7183E-84  0.4000E+01
 -47.600  0.7183E-84  0.4000E+01
 -47.500  0.7183E-84  0.4000E+01
 -47.400  0.7183E-84  0.4000E+01
 -47.300  0.7183E-84  0.4000E+01
 -47.200  0.7183E-84  0.4000E+01
 -47.100  0.7183E-84  0.4000E+01
 -47.000  0.7183E-84  0.4000E+01
 -46.900  0.7183E-84  0.4000E+01
 -46.800  0.7183E-84  0.4000E+01
 -46.700  0.7183E-84  0.4000E+01
 -46.600  0.7183E-84  0.4000E+01
 -46.500  0.7183E-84  0.4000E+01
 -46.400  0.7183E-84  0.4000E+01
 -46.300  0.7183E-84  0.4000E+01
 -46.200  0.7183E-84  0.4000E+01
 -46.100  0.7183E-84  0.4000E+01
 -46.000  0.7183E-84  0.4000E+01
 -45.900  0.7183E-84  0.4000E+01
 -45.800  0.7183E-84  0.4000E+01
 -45.700  0.7183E-84  0.4000E+01
 -45.600  0.7183E-84  0.4000E+01
 -45.500  0.7183E-84  0.4000E+01
 -45.400  0.7183E-84  0.4000E+01
 -45.300  0.7183E-84  0.4000E+01
 -45.200  0.7183E-84  0.4000E+01
 -45.100  0.7183E-84  0.4000E+01
 -45.000  0.7183E-84  0.4000E+01
 -44.900  0.7183E-84  0.4000E+01
 -44.800  0.7183E-84  0.4000E+01
 -44.700  0.7183E-84  0.4000E+01
 -44.600  0.7183E-84  0.4000E+01
 -44.500  0.7183E-84  0.4000E+01
 -44.400  0.7183E-84  0.4000E+01
 -44.300  0.7183E-84  0.4000E+01
 -44.200  0.7183E-84  0.4000E+01
 -44.100  0.7183E-84  0.4000E+01
 -44.000  0.7183E-84  0.4000E+01
 -43.900  0.7183E-84  0.4000E+01
 -43.800  0.7183E-84  0.4000E+01
 -43.700  0.7183E-84  0.4000E+01
 -43.600  0.7183E-84  0.4000E+01
 -43.500  0.7183E-84  0.4000E+01
 -43.400  0.7183E-84  0.4000E+01
 -43.300  0.7183E-84  0.4000E+01
 -43.200  0.7183E-84  0.4000E+01
 -43.100  0.7183E-84  0.4000E+01
 -43.000  0.7183E-84  0.4000E+01
 -42.900  0.7183E-84  0.4000E+01
 -42.800  0.7183E-84  0.4000E+01
 -42.700  0.7183E-84  0.4000E+01
 -42.600  0.7183E-84  0.4000E+01
 -42.500  0.7183E-84  0.4000E+01
 -42.400  0.7183E-84  0.4000E+01
 -42.300  0.7183E-84  0.4000E+01
 -42.200  0.7183E-84  0.4000E+01
 -42.100  0.7183E-84  0.4000E+01
 -42.000  0.7183E-84  0.4000E+01
 -41.900  0.7183E-84  0.4000E+01
 -41.800  0.7183E-84  0.4000E+01
 -41.700  0.7183E-84  0.4000E+01
 -41.600  0.7183E-84  0.4000E+01
 -41.500  0.7183E-84  0.4000E+01
 -41.400  0.7183E-84  0.4000E+01
 -41.300  0.7183E-84  0.4000E+01
 -41.200  0.7183E-84  0.4000E+01
 -41.100  0.7183E-84  0.4000E+01
 -41.000  0.7183E-84  0.4000E+01
 -40.900  0.7183E-84  0.4000E+01
 -40.800  0.7183E-84  0.4000E+01
 -40.700  0.7183E-84  0.4000E+01
 -40.600  0.7183E-84  0.4000E+01
 -40.500  0.7183E-84  0.4000E+01
 -40.400  0.7183E-84  0.4000E+01
 -40.300  0.7183E-84  0.4000E+01
 -40.200  0.7183E-84  0.4000E+01
 -40.100  0.7183E-84  0.4000E+01
 -40.000  0.7183E-84  0.4000E+01
 -39.900  0.7183E-84  0.4000E+01
 -39.800  0.7183E-84  0.4000E+01
 -39.700  0.7183E-84  0.4000E+01
 -39.600  0.7183E-84  0.4000E+01
 -39.500  0.7183E-84  0.4000E+01
 -39.400  0.6367E-78  0.4000E+01
 -39.300  0.1432E-66  0.4000E+01
 -39.200  0.4376E-56  0.4000E+01
 -39.100  0.1818E-46  0.4000E+01
 -39.000  0.1028E-37  0.4000E+01
 -38.900  0.7902E-30  0.4000E+01
 -38.800  0.8278E-23  0.4000E+01
 -38.700  0.1183E-16  0.4000E+01
 -38.600  0.2314E-11  0.4000E+01
 -38.500  0.6227E-07  0.4000E+01
 -38.400  0.2330E-03  0.4000E+01
 -38.300  0.1236E+00  0.4013E+01
 -38.200  0.9584E+01  0.4971E+01
 -38.100  0.1133E+03  0.1630E+02
 -38.000  0.2114E+03  0.3744E+02
 -37.900  0.6268E+02  0.4371E+02
 -37.800  0.2877E+01  0.4400E+02
 -37.700  0.1971E-01  0.4400E+02
 -37.600  0.1956E-04  0.4400E+02
 -37.500  0.2758E-08  0.4400E+02
 -37.400  0.5454E-13  0.4400E+02
 -37.300  0.1501E-18  0.4400E+02
 -37.200  0.5713E-25  0.4400E+02
 -37.100  0.2994E-32  0.4400E+02
 -37.000  0.2154E-40  0.4400E+02
 -36.900  0.2119E-49  0.4400E+02
 -36.800  0.2848E-59  0.4400E+02
 -36.700  0.5217E-70  0.4400E+02
 -36.600  0.1306E-81  0.4400E+02
 -36.500  0.7183E-84  0.4400E+02
 -36.400  0.7183E-84  0.4400E+02
 -36.300  0.7183E-84  0.4400E+02
 -36.200  0.7183E-84  0.4400E+02
 -36.100  0.7183E-84  0.4400E+02
 -36.000  0.7183E-84  0.4400E+02
 -35.900  0.7183E-84  0.4400E+02
 -35.800  0.7183E-84  0.4400E+02
 -35.700  0.7183E-84  0.4400E+02
 -35.600  0.7183E-84  0.4400E+02
 -35.500  0.7183E-84  0.4400E+02
 -35.400  0.7183E-84  0.4400E+02
 -35.300  0.7183E-84  0.4400E+02
 -35.200  0.7183E-84  0.4400E+02
 -35.100  0.7183E-84  0.4400E+02
 -35.000  0.7183E-84  0.4400E+02
 -34.900  0.7183E-84  0.4400E+02
 -34.800  0.7183E-84  0.4400E+02
 -34.700  0.7183E-84  0.4400E+02
 -34.600  0.7183E-84  0.4400E+02
 -34.500  0.7183E-84  0.4400E+02
 -34.400  0.7183E-84  0.4400E+02
 -34.300  0.7183E-84  0.4400E+02
 -34.200  0.7183E-84  0.4400E+02
 -34.100  0.7183E-84  0.4400E+02
 -34.000  0.7183E-84  0.4400E+02
 -33.900  0.7183E-84  0.4400E+02
 -33.800  0.7183E-84  0.4400E+02
 -33.700  0.7183E-84  0.4400E+02
 -33.600  0.7183E-84  0.4400E+02
 -33.500  0.7183E-84  0.4400E+02
 -33.400  0.7183E-84  0.4400E+02
 -33.300  0.7183E-84  0.4400E+02
 -33.200  0.7183E-84  0.4400E+02
 -33.100  0.7183E-84  0.4400E+02
 -33.000  0.7183E-84  0.4400E+02
 -32.900  0.7183E-84  0.4400E+02
 -32.800  0.7183E-84  0.4400E+02
 -32.700  0.7183E-84  0.4400E+02
 -32.600  0.7183E-84  0.4400E+02
 -32.500  0.7183E-84  0.4400E+02
 -32.400  0.7183E-84  0.4400E+02
 -32.300  0.7183E-84  0.4400E+02
 -32.200  0.7183E-84  0.4400E+02
 -32.100  0.7183E-84  0.4400E+02
 -32.000  0.7183E-84  0.4400E+02
 -31.900  0.7183E-84  0.4400E+02
 -31.800  0.7183E-84  0.4400E+02
 -31.700  0.7183E-84  0.4400E+02
 -31.600  0.7183E-84  0.4400E+02
 -31.500  0.7183E-84  0.4400E+02
 -31.400  0.7183E-84  0.4400E+02
 -31.300  0.7183E-84  0.4400E+02
 -31.200  0.7183E-84  0.4400E+02
 -31.100  0.7183E-84  0.4400E+02
 -31.000  0.7183E-84  0.4400E+02
 -30.900  0.7183E-84  0.4400E+02
 -30.800  0.7183E-84  0.4400E+02
 -30.700  0.7183E-84  0.4400E+02
 -30.600  0.7183E-84  0.4400E+02
 -30.500  0.7183E-84  0.4400E+02
 -30.400  0.7183E-84  0.4400E+02
 -30.300  0.2131E-80  0.4400E+02
 -30.200  0.5693E-69  0.4400E+02
 -30.100  0.2073E-58  0.4400E+02
 -30.000  0.1030E-48  0.4400E+02
 -29.900  0.6994E-40  0.4400E+02
 -29.800  0.6506E-32  0.4400E+02
 -29.700  0.8316E-25  0.4400E+02
 -29.600  0.1466E-18  0.4400E+02
 -29.500  0.3589E-13  0.4400E+02
 -29.400  0.1229E-08  0.4400E+02
 -29.300  0.5959E-05  0.4400E+02
 -29.200  0.4161E-02  0.4400E+02
 -29.100  0.4324E+00  0.4404E+02
 -29.000  0.7428E+01  0.4479E+02
 -28.900  0.3155E+02  0.4794E+02
 -28.800  0.5382E+02  0.5332E+02
 -28.700  0.2467E+02  0.5579E+02
 -28.600  0.2073E+01  0.5600E+02
 -28.500  0.2922E-01  0.5600E+02
 -28.400  0.6633E-04  0.5600E+02
 -28.300  0.2317E-07  0.5600E+02
 -28.200  0.1194E-11  0.5600E+02
 -28.100  0.8790E-17  0.5600E+02
 -28.000  0.9078E-23  0.5600E+02
 -27.900  0.1300E-29  0.5600E+02
 -27.800  0.2563E-37  0.5600E+02
 -27.700  0.6931E-46  0.5600E+02
 -27.600  0.2563E-55  0.5600E+02
 -27.500  0.1294E-65  0.5600E+02
 -27.400  0.8907E-77  0.5600E+02
 -27.300  0.7183E-84  0.5600E+02
 -27.200  0.7183E-84  0.5600E+02
 -27.100  0.7183E-84  0.5600E+02
 -27.000  0.7183E-84  0.5600E+02
 -26.900  0.7183E-84  0.5600E+02
 -26.800  0.7183E-84  0.5600E+02
 -26.700  0.7183E-84  0.5600E+02
 -26.600  0.7183E-84  0.5600E+02
 -26.500  0.7183E-84  0.5600E+02
 -26.400  0.7183E-84  0.5600E+02
 -26.300  0.7183E-84  0.5600E+02
 -26.200  0.7183E-84  0.5600E+02
 -26.100  0.7183E-84  0.5600E+02
 -26.000  0.7183E-84  0.5600E+02
 -25.900  0.7183E-84  0.5600E+02
 -25.800  0.7183E-84  0.5600E+02
 -25.700  0.7183E-84  0.5600E+02
 -25.600  0.7183E-84  0.5600E+02
 -25.500  0.7183E-84  0.5600E+02
 -25.400  0.7183E-84  0.5600E+02
 -25.300  0.7183E-84  0.5600E+02
 -25.200  0.7183E-84  0.5600E+02
 -25.100  0.7183E-84  0.5600E+02
 -25.000  0.7183E-84  0.5600E+02
 -24.900  0.7183E-84  0.5600E+02
 -24.800  0.7183E-84  0.5600E+02
 -24.700  0.7183E-84  0.5600E+02
 -24.600  0.7183E-84  0.5600E+02
 -24.500  0.7183E-84  0.5600E+02
 -24.400  0.7183E-84  0.5600E+02
 -24.300  0.7183E-84  0.5600E+02
 -24.200  0.7183E-84  0.5600E+02
 -24.100  0.7183E-84  0.5600E+02
 -24.000  0.7183E-84  0.5600E+02
 -23.900  0.7183E-84  0.5600E+02
 -23.800  0.7183E-84  0.5600E+02
 -23.700  0.7183E-84  0.5600E+02
 -23.600  0.7183E-84  0.5600E+02
 -23.500  0.7183E-84  0.5600E+02
 -23.400  0.7183E-84  0.5600E+02
 -23.300  0.7183E-84  0.5600E+02
 -23.200  0.7183E-84  0.5600E+02
 -23.100  0.7183E-84  0.5600E+02
 -23.000  0.7183E-84  0.5600E+02
 -22.900  0.7183E-84  0.5600E+02
 -22.800  0.7183E-84  0.5600E+02
 -22.700  0.7183E-84  0.5600E+02
 -22.600  0.7183E-84  0.5600E+02
 -22.500  0.7183E-84  0.5600E+02
 -22.400  0.7183E-84  0.5600E+02
 -22.300  0.7183E-84  0.5600E+02
 -22.200  0.7183E-84  0.5600E+02
 -22.100  0.7183E-84  0.5600E+02
 -22.000  0.7183E-84  0.5600E+02
 -21.900  0.7183E-84  0.5600E+02
 -21.800  0.7183E-84  0.5600E+02
 -21.700  0.7183E-84  0.5600E+02
 -21.600  0.7183E-84  0.5600E+02
 -21.500  0.7183E-84  0.5600E+02
 -21.400  0.7183E-84  0.5600E+02
 -21.300  0.7183E-84  0.5600E+02
 -21.200  0.7183E-84  0.5600E+02
 -21.100  0.7183E-84  0.5600E+02
 -21.000  0.7183E-84  0.5600E+02
 -20.900  0.7183E-84  0.5600E+02
 -20.800  0.7183E-84  0.5600E+02
 -20.700  0.7183E-84  0.5600E+02
 -20.600  0.7183E-84  0.5600E+02
 -20.500  0.7183E-84  0.5600E+02
 -20.400  0.7183E-84  0.5600E+02
 -20.300  0.7183E-84  0.5600E+02
 -20.200  0.7183E-84  0.5600E+02
 -20.100  0.7183E-84  0.5600E+02
 -20.000  0.7183E-84  0.5600E+02
 -19.900  0.7183E-84  0.5600E+02
 -19.800  0.7183E-84  0.5600E+02
 -19.700  0.7183E-84  0.5600E+02
 -19.600  0.7183E-84  0.5600E+02
 -19.500  0.7183E-84  0.5600E+02
 -19.400  0.7183E-84  0.5600E+02
 -19.300  0.7183E-84  0.5600E+02
 -19.200  0.7183E-84  0.5600E+02
 -19.100  0.7183E-84  0.5600E+02
 -19.000  0.7183E-84  0.5600E+02
 -18.900  0.7183E-84  0.5600E+02
 -18.800  0.7183E-84  0.5600E+02
 -18.700  0.7183E-84  0.5600E+02
 -18.600  0.7183E-84  0.5600E+02
 -18.500  0.7183E-84  0.5600E+02
 -18.400  0.7183E-84  0.5600E+02
 -18.300  0.7183E-84  0.5600E+02
 -18.200  0.7183E-84  0.5600E+02
 -18.100  0.7183E-84  0.5600E+02
 -18.000  0.7183E-84  0.5600E+02
 -17.900  0.7183E-84  0.5600E+02
 -17.800  0.7183E-84  0.5600E+02
 -17.700  0.7183E-84  0.5600E+02
 -17.600  0.7183E-84  0.5600E+02
 -17.500  0.7183E-84  0.5600E+02
 -17.400  0.7183E-84  0.5600E+02
 -17.300  0.7183E-84  0.5600E+02
 -17.200  0.7183E-84  0.5600E+02
 -17.100  0.7183E-84  0.5600E+02
 -17.000  0.7183E-84  0.5600E+02
 -16.900  0.7183E-84  0.5600E+02
 -16.800  0.7183E-84  0.5600E+02
 -16.700  0.7183E-84  0.5600E+02
 -16.600  0.7183E-84  0.5600E+02
 -16.500  0.7183E-84  0.5600E+02
 -16.400  0.7183E-84  0.5600E+02
 -16.300  0.7183E-84  0.5600E+02
 -16.200  0.7183E-84  0.5600E+02
 -16.100  0.7183E-84  0.5600E+02
 -16.000  0.7183E-84  0.5600E+02
 -15.900  0.7183E-84  0.5600E+02
 -15.800  0.7183E-84  0.5600E+02
 -15.700  0.7183E-84  0.5600E+02
 -15.600  0.7183E-84  0.5600E+02
 -15.500  0.7183E-84  0.5600E+02
 -15.400  0.7183E-84  0.5600E+02
 -15.300  0.7183E-84  0.5600E+02
 -15.200  0.7183E-84  0.5600E+02
 -15.100  0.7183E-84  0.5600E+02
 -15.000  0.7183E-84  0.5600E+02
 -14.900  0.7183E-84  0.5600E+02
 -14.800  0.7183E-84  0.5600E+02
 -14.700  0.7183E-84  0.5600E+02
 -14.600  0.7183E-84  0.5600E+02
 -14.500  0.7183E-84  0.5600E+02
 -14.400  0.7183E-84  0.5600E+02
 -14.300  0.7183E-84  0.5600E+02
 -14.200  0.7183E-84  0.5600E+02
 -14.100  0.7183E-84  0.5600E+02
 -14.000  0.7183E-84  0.5600E+02
 -13.900  0.7183E-84  0.5600E+02
 -13.800  0.7183E-84  0.5600E+02
 -13.700  0.7183E-84  0.5600E+02
 -13.600  0.7183E-84  0.5600E+02
 -13.500  0.7183E-84  0.5600E+02
 -13.400  0.7183E-84  0.5600E+02
 -13.300  0.7183E-84  0.5600E+02
 -13.200  0.7183E-84  0.5600E+02
 -13.100  0.7183E-84  0.5600E+02
 -13.000  0.7183E-84  0.5600E+02
 -12.900  0.7183E-84  0.5600E+02
 -12.800  0.7183E-84  0.5600E+02
 -12.700  0.7183E-84  0.5600E+02
 -12.600  0.7183E-84  0.5600E+02
 -12.500  0.7183E-84  0.5600E+02
 -12.400  0.7183E-84  0.5600E+02
 -12.300  0.7183E-84  0.5600E+02
 -12.200  0.7183E-84  0.5600E+02
 -12.100  0.7183E-84  0.5600E+02
 -12.000  0.7183E-84  0.5600E+02
 -11.900  0.7183E-84  0.5600E+02
 -11.800  0.7183E-84  0.5600E+02
 -11.700  0.7183E-84  0.5600E+02
 -11.600  0.7183E-84  0.5600E+02
 -11.500  0.7183E-84  0.5600E+02
 -11.400  0.7183E-84  0.5600E+02
 -11.300  0.7183E-84  0.5600E+02
 -11.200  0.7183E-84  0.5600E+02
 -11.100  0.7183E-84  0.5600E+02
 -11.000  0.7183E-84  0.5600E+02
 -10.900  0.7183E-84  0.5600E+02
 -10.800  0.7183E-84  0.5600E+02
 -10.700  0.7183E-84  0.5600E+02
 -10.600  0.7183E-84  0.5600E+02
 -10.500  0.7183E-84  0.5600E+02
 -10.400  0.7183E-84  0.5600E+02
 -10.300  0.7183E-84  0.5600E+02
 -10.200  0.7183E-84  0.5600E+02
 -10.100  0.7183E-84  0.5600E+02
 -10.000  0.7183E-84  0.5600E+02
  -9.900  0.7183E-84  0.5600E+02
  -9.800  0.7183E-84  0.5600E+02
  -9.700  0.7183E-84  0.5600E+02
  -9.600  0.7183E-84  0.5600E+02
  -9.500  0.7183E-84  0.5600E+02
  -9.400  0.7183E-84  0.5600E+02
  -9.300  0.7183E-84  0.5600E+02
  -9.200  0.7183E-84  0.5600E+02
  -9.100  0.7183E-84  0.5600E+02
  -9.000  0.7183E-84  0.5600E+02
  -8.900  0.7183E-84  0.5600E+02
  -8.800  0.7183E-84  0.5600E+02
  -8.700  0.7183E-84  0.5600E+02
  -8.600  0.7183E-84  0.5600E+02
  -8.500  0.7183E-84  0.5600E+02
  -8.400  0.7183E-84  0.5600E+02
  -8.300  0.7183E-84  0.5600E+02
  -8.200  0.7183E-84  0.5600E+02
  -8.100  0.7183E-84  0.5600E+02
  -8.000  0.7183E-84  0.5600E+02
  -7.900  0.7183E-84  0.5600E+02
  -7.800  0.7183E-84  0.5600E+02
  -7.700  0.7183E-84  0.5600E+02
  -7.600  0.7183E-84  0.5600E+02
  -7.500  0.7183E-84  0.5600E+02
  -7.400  0.7183E-84  0.5600E+02
  -7.300  0.7183E-84  0.5600E+02
  -7.200  0.7183E-84  0.5600E+02
  -7.100  0.7183E-84  0.5600E+02
  -7.000  0.7183E-84  0.5600E+02
  -6.900  0.7183E-84  0.5600E+02
  -6.800  0.7183E-84  0.5600E+02
  -6.700  0.7184E-84  0.5600E+02
  -6.600  0.8127E-76  0.5600E+02
  -6.500  0.7301E-65  0.5600E+02
  -6.400  0.8917E-55  0.5600E+02
  -6.300  0.1482E-45  0.5600E+02
  -6.200  0.3354E-37  0.5600E+02
  -6.100  0.1036E-29  0.5600E+02
  -6.000  0.4375E-23  0.5600E+02
  -5.900  0.2536E-17  0.5600E+02
  -5.800  0.2031E-12  0.5600E+02
  -5.700  0.2280E-08  0.5600E+02
  -5.600  0.3718E-05  0.5600E+02
  -5.500  0.9537E-03  0.5600E+02
  -5.400  0.4348E-01  0.5601E+02
  -5.300  0.3867E+00  0.5604E+02
  -5.200  0.8529E+00  0.5613E+02
  -5.100  0.1095E+01  0.5624E+02
  -5.000  0.9195E+00  0.5633E+02
  -4.900  0.1276E+01  0.5646E+02
  -4.800  0.1015E+01  0.5656E+02
  -4.700  0.1005E+01  0.5666E+02
  -4.600  0.1570E+01  0.5682E+02
  -4.500  0.9802E+00  0.5692E+02
  -4.400  0.1090E+01  0.5702E+02
  -4.300  0.1807E+01  0.5721E+02
  -4.200  0.1277E+01  0.5733E+02
  -4.100  0.1167E+01  0.5745E+02
  -4.000  0.2650E+01  0.5772E+02
  -3.900  0.3626E+01  0.5808E+02
  -3.800  0.3586E+01  0.5844E+02
  -3.700  0.4894E+01  0.5893E+02
  -3.600  0.5279E+01  0.5945E+02
  -3.500  0.5755E+01  0.6003E+02
  -3.400  0.7952E+01  0.6082E+02
  -3.300  0.7627E+01  0.6159E+02
  -3.200  0.8406E+01  0.6243E+02
  -3.100  0.8499E+01  0.6328E+02
  -3.000  0.5482E+01  0.6383E+02
  -2.900  0.1626E+01  0.6399E+02
  -2.800  0.1303E+00  0.6400E+02
  -2.700  0.1909E-02  0.6400E+02
  -2.600  0.4345E-05  0.6400E+02
  -2.500  0.1432E-08  0.6400E+02
  -2.400  0.6617E-13  0.6400E+02
  -2.300  0.4225E-18  0.6400E+02
  -2.200  0.3699E-24  0.6400E+02
  -2.100  0.4422E-31  0.6400E+02
  -2.000  0.7198E-39  0.6400E+02
  -1.900  0.1593E-47  0.6400E+02
  -1.800  0.4784E-57  0.6400E+02
  -1.700  0.1950E-67  0.6400E+02
  -1.600  0.1077E-78  0.6400E+02
  -1.500  0.7183E-84  0.6400E+02
  -1.400  0.7183E-84  0.6400E+02
  -1.300  0.7183E-84  0.6400E+02
  -1.200  0.7183E-84  0.6400E+02
  -1.100  0.7183E-84  0.6400E+02
  -1.000  0.7183E-84  0.6400E+02
  -0.900  0.7183E-84  0.6400E+02
  -0.800  0.7183E-84  0.6400E+02
  -0.700  0.7183E-84  0.6400E+02
  -0.600  0.7183E-84  0.6400E+02
  -0.500  0.7183E-84  0.6400E+02
  -0.400  0.7183E-84  0.6400E+02
  -0.300  0.7183E-84  0.6400E+02
  -0.200  0.7183E-84  0.6400E+02
  -0.100  0.7183E-84  0.6400E+02
   0.000  0.7183E-84  0.6400E+02
   0.100  0.7183E-84  0.6400E+02
   0.200  0.7183E-84  0.6400E+02
   0.300  0.7183E-84  0.6400E+02
   0.400  0.7183E-84  0.6400E+02
   0.500  0.7183E-84  0.6400E+02
   0.600  0.7183E-84  0.6400E+02
   0.700  0.7183E-84  0.6400E+02
   0.800  0.7183E-84  0.6400E+02
   0.900  0.7183E-84  0.6400E+02
   1.000  0.7183E-84  0.6400E+02
   1.100  0.7183E-84  0.6400E+02
   1.200  0.7183E-84  0.6400E+02
   1.300  0.7183E-84  0.6400E+02
   1.400  0.7183E-84  0.6400E+02
   1.500  0.7183E-84  0.6400E+02
   1.600  0.7183E-84  0.6400E+02
   1.700  0.7183E-84  0.6400E+02
   1.800  0.9255E-81  0.6400E+02
   1.900  0.2075E-69  0.6400E+02
   2.000  0.6325E-59  0.6400E+02
   2.100  0.2620E-49  0.6400E+02
   2.200  0.1477E-40  0.6400E+02
   2.300  0.1135E-32  0.6400E+02
   2.400  0.1189E-25  0.6400E+02
   2.500  0.1707E-19  0.6400E+02
   2.600  0.3366E-14  0.6400E+02
   2.700  0.9172E-10  0.6400E+02
   2.800  0.3487E-06  0.6400E+02
   2.900  0.1887E-03  0.6400E+02
   3.000  0.1548E-01  0.6400E+02
   3.100  0.2455E+00  0.6403E+02
   3.200  0.1202E+01  0.6415E+02
   3.300  0.2043E+01  0.6435E+02
   3.400  0.2060E+01  0.6456E+02
   3.500  0.3093E+01  0.6487E+02
   3.600  0.2766E+01  0.6514E+02
   3.700  0.2887E+01  0.6543E+02
   3.800  0.3447E+01  0.6578E+02
   3.900  0.4308E+01  0.6621E+02
   4.000  0.4411E+01  0.6665E+02
   4.100  0.4217E+01  0.6707E+02
   4.200  0.5127E+01  0.6758E+02
   4.300  0.5762E+01  0.6816E+02
   4.400  0.5162E+01  0.6868E+02
   4.500  0.4995E+01  0.6918E+02
   4.600  0.3041E+01  0.6948E+02
   4.700  0.1582E+01  0.6964E+02
   4.800  0.1996E+01  0.6984E+02
   4.900  0.4141E+01  0.7025E+02
   5.000  0.5652E+01  0.7082E+02
   5.100  0.4728E+01  0.7129E+02
   5.200  0.6225E+01  0.7191E+02
   5.300  0.8744E+01  0.7279E+02
   5.400  0.8786E+01  0.7367E+02
   5.500  0.4220E+01  0.7409E+02
   5.600  0.1577E+01  0.7425E+02
   5.700  0.1591E+01  0.7440E+02
   5.800  0.2058E+01  0.7461E+02
   5.900  0.3241E+01  0.7493E+02
   6.000  0.3938E+01  0.7533E+02
   6.100  0.5266E+01  0.7585E+02
   6.200  0.7953E+01  0.7665E+02
   6.300  0.7262E+01  0.7738E+02
   6.400  0.6336E+01  0.7801E+02
   6.500  0.6438E+01  0.7865E+02
   6.600  0.4352E+01  0.7909E+02
   6.700  0.2748E+01  0.7936E+02
   6.800  0.3674E+01  0.7973E+02
   6.900  0.2546E+01  0.7999E+02
   7.000  0.2369E+01  0.8022E+02
   7.100  0.3394E+01  0.8056E+02
   7.200  0.5428E+01  0.8110E+02
   7.300  0.6473E+01  0.8175E+02
   7.400  0.9759E+01  0.8273E+02
   7.500  0.9753E+01  0.8370E+02
   7.600  0.6401E+01  0.8434E+02
   7.700  0.5771E+01  0.8492E+02
   7.800  0.7012E+01  0.8562E+02
   7.900  0.5452E+01  0.8617E+02
   8.000  0.4391E+01  0.8661E+02
   8.100  0.3847E+01  0.8699E+02
   8.200  0.4163E+01  0.8741E+02
   8.300  0.4282E+01  0.8783E+02
   8.400  0.3673E+01  0.8820E+02
   8.500  0.4009E+01  0.8860E+02
   8.600  0.4849E+01  0.8909E+02
   8.700  0.6258E+01  0.8971E+02
   8.800  0.5614E+01  0.9028E+02
   8.900  0.4644E+01  0.9074E+02
   9.000  0.3824E+01  0.9112E+02
   9.100  0.3249E+01  0.9145E+02
   9.200  0.2369E+01  0.9168E+02
   9.300  0.1595E+01  0.9184E+02
   9.400  0.1150E+01  0.9196E+02
   9.500  0.3968E+00  0.9200E+02
   9.600  0.3634E-01  0.9200E+02
   9.700  0.7698E-03  0.9200E+02
   9.800  0.3510E-05  0.9200E+02
   9.900  0.2884E-08  0.9200E+02
  10.000  0.3675E-12  0.9200E+02